Base	G	A	T	C	Library
1	36.8223205338736	16.763237044851447	14.869596746962282	31.544845674312665	FJVN100_R1_rmphix_fastqc
2	33.27578013851366	19.868754097374126	17.539112921731302	29.316352842380912	FJVN100_R1_rmphix_fastqc
3	29.03711214184353	17.859262778108555	21.316470159870914	31.787154920176995	FJVN100_R1_rmphix_fastqc
4	32.023659077805505	17.62525465645579	18.23052248529504	32.12056378044366	FJVN100_R1_rmphix_fastqc
5	32.57937850299844	18.61366970628381	17.91685016520187	30.890101625515886	FJVN100_R1_rmphix_fastqc
6	31.887813174632555	18.51724369547662	17.84061659155004	31.754326538340784	FJVN100_R1_rmphix_fastqc
7	32.65368971104338	18.02710125198429	17.24197066637246	32.07723837059987	FJVN100_R1_rmphix_fastqc
8	31.527331631925797	18.537975610727194	18.032579614049773	31.902113143297235	FJVN100_R1_rmphix_fastqc
9	31.265293444171004	18.202686175410314	18.168900409912172	32.3631199705065	FJVN100_R1_rmphix_fastqc
10-14	31.918962335918877	18.320935974739662	17.759710073834036	32.000391615507425	FJVN100_R1_rmphix_fastqc
15-19	31.889076009272337	18.197237446648657	17.802381271508843	32.11130527257017	FJVN100_R1_rmphix_fastqc
20-24	31.889131476738463	18.22640345606384	17.888310254308454	31.996154812889245	FJVN100_R1_rmphix_fastqc
25-29	32.068464633183765	18.15434437910934	17.778087281173246	31.999103706533642	FJVN100_R1_rmphix_fastqc
30-34	32.04448597159397	18.032132075179234	17.77364456508492	32.14973738814187	FJVN100_R1_rmphix_fastqc
35-39	31.970835054344438	18.108016887639934	17.884750458708346	32.03639759930728	FJVN100_R1_rmphix_fastqc
40-44	32.15873375525079	18.00209074355886	17.745995932791057	32.093179568399286	FJVN100_R1_rmphix_fastqc
45-49	32.09119185755833	17.896587823842623	17.79966944429501	32.212550874304036	FJVN100_R1_rmphix_fastqc
50-54	32.007400701100984	18.013258883924756	17.903355886837602	32.07598452813666	FJVN100_R1_rmphix_fastqc
55-59	32.141665034533425	17.942920968279065	17.808272573653532	32.107141423533974	FJVN100_R1_rmphix_fastqc
60-64	32.07355610261053	17.88042540716336	17.829692407283755	32.21632608294235	FJVN100_R1_rmphix_fastqc
65-69	31.98512866849981	18.00145367768875	17.93476747236873	32.07865018144271	FJVN100_R1_rmphix_fastqc
70-74	32.139653967868156	17.930897310417745	17.803944483166354	32.12550423854775	FJVN100_R1_rmphix_fastqc
75-79	32.079494456866875	17.872811495665925	17.81652550728727	32.23116854017993	FJVN100_R1_rmphix_fastqc
80-84	31.98259376040357	17.984643522187316	17.922632877019876	32.11012984038924	FJVN100_R1_rmphix_fastqc
85-89	32.14460853474764	17.917424326829895	17.80537821344259	32.132588924979885	FJVN100_R1_rmphix_fastqc
90-94	32.079810727158474	17.845857517800347	17.816109986831158	32.25822176821003	FJVN100_R1_rmphix_fastqc
95-99	32.00871077432649	17.963361128509945	17.90256229328815	32.12536580387542	FJVN100_R1_rmphix_fastqc
100-104	32.15277548395342	17.88982996020464	17.790860128005708	32.16653442783623	FJVN100_R1_rmphix_fastqc
105-109	32.10492704316616	17.824219539441593	17.794407844205544	32.276445573186706	FJVN100_R1_rmphix_fastqc
110-114	32.029636349791005	17.926862063952647	17.87921682754022	32.16428475871613	FJVN100_R1_rmphix_fastqc
115-119	32.180467308125024	17.863200666466515	17.761458699922105	32.194873325486355	FJVN100_R1_rmphix_fastqc
120-124	32.13799827204744	17.781156806521405	17.757766431997414	32.32307848943374	FJVN100_R1_rmphix_fastqc
125-129	32.063276416076434	17.882162789126888	17.85114541322614	32.20341538157054	FJVN100_R1_rmphix_fastqc
130-134	32.22578360483331	17.816679780663296	17.721606071522434	32.23593054298096	FJVN100_R1_rmphix_fastqc
135-139	32.18315535100874	17.746394230981263	17.720245783586012	32.35020463442398	FJVN100_R1_rmphix_fastqc
140-144	32.11145042709421	17.83917885831032	17.799350876775517	32.250019837819956	FJVN100_R1_rmphix_fastqc
145-149	32.26338061771961	17.802759161040306	17.658777163696023	32.275083057544066	FJVN100_R1_rmphix_fastqc
150-151	32.47739992422234	17.14861483301432	17.55172528219174	32.8222599605716	FJVN100_R1_rmphix_fastqc
1	36.9365379243983	16.965852860160897	15.129427633496514	30.968181581944293	FJVN100_R2_rmphix_fastqc
2	33.43626727355673	19.98498123376057	17.404315581616654	29.17443591106605	FJVN100_R2_rmphix_fastqc
3	29.4830097832453	18.03282275910677	20.9004869587629	31.58368049888503	FJVN100_R2_rmphix_fastqc
4	32.482074890501146	17.41865354169649	17.996445979094997	32.102825588707375	FJVN100_R2_rmphix_fastqc
5	32.674151887246346	18.442708338082262	17.915387495718367	30.967752278953032	FJVN100_R2_rmphix_fastqc
6	32.05929122608023	18.189894465927324	17.77342877384683	31.97738553414562	FJVN100_R2_rmphix_fastqc
7	33.018927778927655	17.73666828054198	17.27115947063674	31.973244469893626	FJVN100_R2_rmphix_fastqc
8	31.55418396415799	18.234716737528252	18.252352352443623	31.958746945870136	FJVN100_R2_rmphix_fastqc
9	31.501011179505788	17.884511872621168	18.304582949999954	32.30989399787309	FJVN100_R2_rmphix_fastqc
10-14	32.00797242248763	18.060344500074006	18.003617238619825	31.928065838818533	FJVN100_R2_rmphix_fastqc
15-19	31.950655534270233	17.9139324245179	18.018042578954518	32.11736946225735	FJVN100_R2_rmphix_fastqc
20-24	31.92151155987584	18.004750902448073	18.062180245254343	32.01155729242174	FJVN100_R2_rmphix_fastqc
25-29	32.088143426406226	17.96801092450741	17.91321970556957	32.030625943516796	FJVN100_R2_rmphix_fastqc
30-34	32.057170545286226	17.90001616914629	17.881514349965364	32.16129893560212	FJVN100_R2_rmphix_fastqc
35-39	31.966429569842962	18.002010961587033	17.971666458473713	32.059893010096296	FJVN100_R2_rmphix_fastqc
40-44	32.14696021569398	17.93149281643126	17.833921744371267	32.087625223503494	FJVN100_R2_rmphix_fastqc
45-49	32.083003187935624	17.861472358814023	17.83985904273183	32.21566541051852	FJVN100_R2_rmphix_fastqc
50-54	31.99824625937973	17.97910703836119	17.932504769788	32.09014193247108	FJVN100_R2_rmphix_fastqc
55-59	32.14248217585863	17.929888431254206	17.820025516290137	32.10760387659703	FJVN100_R2_rmphix_fastqc
60-64	32.09231733521233	17.851582006333985	17.821239043448536	32.23486161500515	FJVN100_R2_rmphix_fastqc
65-69	32.012344236098905	17.96651111045872	17.905471791217867	32.11567286222451	FJVN100_R2_rmphix_fastqc
70-74	32.16536138713499	17.890255924276097	17.793034783304567	32.15134790528434	FJVN100_R2_rmphix_fastqc
75-79	32.134324809529055	17.816041581954558	17.780271237343538	32.269362371172846	FJVN100_R2_rmphix_fastqc
80-84	32.03705533857081	17.934924073430338	17.87619632670018	32.15182426129868	FJVN100_R2_rmphix_fastqc
85-89	32.19234678705264	17.877420650294617	17.75093846421461	32.179294098438135	FJVN100_R2_rmphix_fastqc
90-94	32.15900165051881	17.798160129892068	17.742467467255796	32.30037075233333	FJVN100_R2_rmphix_fastqc
95-99	32.084089673046876	17.902769109152985	17.835798642360253	32.17734257543988	FJVN100_R2_rmphix_fastqc
100-104	32.24238233531248	17.832948948648163	17.70724293528336	32.217425780755995	FJVN100_R2_rmphix_fastqc
105-109	32.21653694641295	17.751227890800042	17.694491591339087	32.337743571447916	FJVN100_R2_rmphix_fastqc
110-114	32.12815706034649	17.847091531064123	17.78566710957059	32.2390842990188	FJVN100_R2_rmphix_fastqc
115-119	32.288078072230576	17.779292537773784	17.65987071751678	32.27275867247886	FJVN100_R2_rmphix_fastqc
120-124	32.26594781933317	17.68809947773808	17.64026541790093	32.40568728502781	FJVN100_R2_rmphix_fastqc
125-129	32.19853660535825	17.788640081255096	17.714398516029508	32.29842479735714	FJVN100_R2_rmphix_fastqc
130-134	32.365561063676594	17.710130907569017	17.587560991921134	32.33674703683325	FJVN100_R2_rmphix_fastqc
135-139	32.346581430654275	17.61148987356795	17.56017460836236	32.48175408741542	FJVN100_R2_rmphix_fastqc
140-144	32.282372618169276	17.688894444841083	17.644592198148306	32.38414073884133	FJVN100_R2_rmphix_fastqc
145-149	32.43807886435104	17.665461128075467	17.50395669071179	32.392503316861706	FJVN100_R2_rmphix_fastqc
150-151	32.7228185245845	17.023075077316207	17.29480264830519	32.9593037497941	FJVN100_R2_rmphix_fastqc
1	37.055203057159574	16.432901604627663	14.724319161517247	31.787576176695513	FJVN101_R1_rmphix_fastqc
2	33.19285768313956	19.543028299881797	17.64137253289202	29.622741484086628	FJVN101_R1_rmphix_fastqc
3	28.82274350632621	17.630872442766247	21.465062019560115	32.08132203134744	FJVN101_R1_rmphix_fastqc
4	31.696077613555072	17.616071204611174	18.43229376607705	32.255557415756705	FJVN101_R1_rmphix_fastqc
5	32.51788077847668	18.51004498899727	18.04341709488562	30.928657137640432	FJVN101_R1_rmphix_fastqc
6	31.93106574164762	18.628933231676907	17.824844107689703	31.615156918985775	FJVN101_R1_rmphix_fastqc
7	32.58657470143285	18.272101279980433	17.28879117323535	31.852532845351366	FJVN101_R1_rmphix_fastqc
8	31.37567319675049	18.632526595853278	18.068290641716896	31.923509565679325	FJVN101_R1_rmphix_fastqc
9	31.267794493013845	18.324255616527374	18.169231508126	32.238718382332785	FJVN101_R1_rmphix_fastqc
10-14	31.87987663560779	18.384785136072416	17.779481384992998	31.955856843326796	FJVN101_R1_rmphix_fastqc
15-19	31.84437233086251	18.262173639212627	17.834339300301217	32.05911472962365	FJVN101_R1_rmphix_fastqc
20-24	31.826383732015923	18.300477190206994	17.92524985839462	31.947889219382464	FJVN101_R1_rmphix_fastqc
25-29	31.999887999038656	18.2326263855987	17.83507586217893	31.932409753183716	FJVN101_R1_rmphix_fastqc
30-34	31.97361366240616	18.121260874155837	17.832571396237817	32.07255406720019	FJVN101_R1_rmphix_fastqc
35-39	31.891464846184377	18.187100328166707	17.946179260260873	31.97525556538805	FJVN101_R1_rmphix_fastqc
40-44	32.075306646382046	18.07076244071095	17.833443292610486	32.020487620296514	FJVN101_R1_rmphix_fastqc
45-49	32.009199634519085	17.99234310094495	17.8752414291556	32.123215835380364	FJVN101_R1_rmphix_fastqc
50-54	31.926849956490454	18.094220153651914	17.97982549936489	31.999104390492743	FJVN101_R1_rmphix_fastqc
55-59	32.04352003467268	18.03697817957067	17.894007592896095	32.02549419286055	FJVN101_R1_rmphix_fastqc
60-64	31.989973856065745	17.9752739798186	17.912036011434353	32.1227161526813	FJVN101_R1_rmphix_fastqc
65-69	31.905893745210268	18.08776341156243	17.995232050078673	32.01111079314863	FJVN101_R1_rmphix_fastqc
70-74	32.043027573751125	18.017565431891004	17.905903329259644	32.03350366509822	FJVN101_R1_rmphix_fastqc
75-79	31.992948090088554	17.94965325064905	17.911157016833045	32.14624164242936	FJVN101_R1_rmphix_fastqc
80-84	31.91066674644403	18.067151415651775	17.992584820304643	32.02959701759955	FJVN101_R1_rmphix_fastqc
85-89	32.0564725317089	18.009362646414868	17.88758681499726	32.04657800687898	FJVN101_R1_rmphix_fastqc
90-94	32.001116595233576	17.945274924276138	17.90345780051647	32.15015067997381	FJVN101_R1_rmphix_fastqc
95-99	31.925462032335805	18.04311794511813	17.976401986818235	32.05501803572783	FJVN101_R1_rmphix_fastqc
100-104	32.07621426500109	17.98489871548271	17.865986088386038	32.072900931130164	FJVN101_R1_rmphix_fastqc
105-109	32.02583517373631	17.919091975621043	17.870870352539274	32.18420249810337	FJVN101_R1_rmphix_fastqc
110-114	31.965755693290642	18.01389328232107	17.943692941929122	32.07665808245917	FJVN101_R1_rmphix_fastqc
115-119	32.10165683138768	17.951732012541335	17.835011643428338	32.11159951264265	FJVN101_R1_rmphix_fastqc
120-124	32.05432742631621	17.887133652817024	17.839369610202603	32.21916931066416	FJVN101_R1_rmphix_fastqc
125-129	31.997150311286294	17.970540514938254	17.90872662859959	32.123582545175864	FJVN101_R1_rmphix_fastqc
130-134	32.141995048571246	17.90905286574353	17.79528737537799	32.15366471030723	FJVN101_R1_rmphix_fastqc
135-139	32.105853621250574	17.84165577371092	17.794054024017424	32.25843658102108	FJVN101_R1_rmphix_fastqc
140-144	32.05023844462869	17.92054193360714	17.867243603874712	32.16197601788946	FJVN101_R1_rmphix_fastqc
145-149	32.19273472039203	17.88062709321048	17.747625966558093	32.1790122198394	FJVN101_R1_rmphix_fastqc
150-151	32.40183511676838	17.25748049702718	17.61886475476289	32.72181963144155	FJVN101_R1_rmphix_fastqc
1	37.17653354302402	16.511057275463838	15.113421390200266	31.19898779131188	FJVN101_R2_rmphix_fastqc
2	33.38436766026686	19.674084980340524	17.546517829833594	29.395029529559018	FJVN101_R2_rmphix_fastqc
3	29.205117899484197	17.74460008559518	21.195120258115548	31.855161756805078	FJVN101_R2_rmphix_fastqc
4	32.12077903668673	17.397058769198882	18.236809310391024	32.24535288372336	FJVN101_R2_rmphix_fastqc
5	32.640755166481846	18.31077272302143	18.087144136876063	30.961327973620662	FJVN101_R2_rmphix_fastqc
6	32.07090749751158	18.308894373565597	17.818030715874755	31.80216741304807	FJVN101_R2_rmphix_fastqc
7	32.94818613859769	17.915467663319664	17.349792807943825	31.78655339013882	FJVN101_R2_rmphix_fastqc
8	31.41196461936298	18.322925605111443	18.30435989020017	31.960749885325406	FJVN101_R2_rmphix_fastqc
9	31.46706675898968	17.993358887441563	18.364770408723786	32.17480394484497	FJVN101_R2_rmphix_fastqc
10-14	31.953430155831057	18.10320149692396	18.049080143493455	31.894288203751525	FJVN101_R2_rmphix_fastqc
15-19	31.8884719316063	17.98540293026404	18.081309975688402	32.04481516244125	FJVN101_R2_rmphix_fastqc
20-24	31.847248577772515	18.06141113822338	18.13647200471804	31.954868279286064	FJVN101_R2_rmphix_fastqc
25-29	31.997773980893335	18.047603908600216	18.003538530372385	31.951083580134064	FJVN101_R2_rmphix_fastqc
30-34	31.968132615360506	17.975320510389935	17.97805675609827	32.078490118151294	FJVN101_R2_rmphix_fastqc
35-39	31.88226365609638	18.067841082302625	18.07099655383153	31.978898707769467	FJVN101_R2_rmphix_fastqc
40-44	32.05288467614903	18.01105659490244	17.93053645932683	32.00552226962171	FJVN101_R2_rmphix_fastqc
45-49	31.986494550744894	17.944942582979394	17.94839905709191	32.12016380918381	FJVN101_R2_rmphix_fastqc
50-54	31.905077198512256	18.066687838825697	18.02828323462297	31.99995172803908	FJVN101_R2_rmphix_fastqc
55-59	32.04667264561134	18.0032412306113	17.92023220739726	32.0298539163801	FJVN101_R2_rmphix_fastqc
60-64	31.995235960861418	17.94362291879795	17.931530480312244	32.12961064002839	FJVN101_R2_rmphix_fastqc
65-69	31.913234300889275	18.048829369080195	18.01122894942999	32.026707380600534	FJVN101_R2_rmphix_fastqc
70-74	32.05873785370952	17.990360681234453	17.898659581689746	32.05224188336628	FJVN101_R2_rmphix_fastqc
75-79	32.02220100005456	17.9299064756637	17.88578477696679	32.162107747314955	FJVN101_R2_rmphix_fastqc
80-84	31.931249265262785	18.021950578113096	17.988429813775618	32.058370342848505	FJVN101_R2_rmphix_fastqc
85-89	32.088404477534205	17.97106445909362	17.8721250913229	32.06840597204928	FJVN101_R2_rmphix_fastqc
90-94	32.043490568631235	17.898883563025574	17.862788229777152	32.194837638566035	FJVN101_R2_rmphix_fastqc
95-99	31.977617638904594	17.998021216647988	17.935629205155212	32.0887319392922	FJVN101_R2_rmphix_fastqc
100-104	32.12027975865553	17.931778680581182	17.826337116949144	32.12160444381414	FJVN101_R2_rmphix_fastqc
105-109	32.08644874663493	17.866019281832692	17.820788904969326	32.22674306656305	FJVN101_R2_rmphix_fastqc
110-114	32.01173685069595	17.94780925797355	17.902029742190088	32.13842414914041	FJVN101_R2_rmphix_fastqc
115-119	32.17045482490123	17.889242307163446	17.7743619334864	32.16594093444892	FJVN101_R2_rmphix_fastqc
120-124	32.13643241243517	17.808977851829802	17.771246261182895	32.28334347455213	FJVN101_R2_rmphix_fastqc
125-129	32.08009373685077	17.882232003540835	17.84445142290751	32.19322283670088	FJVN101_R2_rmphix_fastqc
130-134	32.239020911821534	17.82026727030871	17.71282721347077	32.22788460439899	FJVN101_R2_rmphix_fastqc
135-139	32.21427896826313	17.72696578692948	17.697920061631805	32.36083518317559	FJVN101_R2_rmphix_fastqc
140-144	32.16012363239223	17.80495075610394	17.76336086949919	32.27156474200464	FJVN101_R2_rmphix_fastqc
145-149	32.31362676961301	17.780545060093072	17.632134875918617	32.2736932943753	FJVN101_R2_rmphix_fastqc
150-151	32.588324364048674	17.15269995258237	17.428819262881017	32.83015642048793	FJVN101_R2_rmphix_fastqc
1	36.925414183472846	17.174126597186078	15.238536609870076	30.661922609471	FJVN102_R1_rmphix_fastqc
2	33.440070550379474	19.89548259892193	18.460945425318602	28.203501425379997	FJVN102_R1_rmphix_fastqc
3	29.738879175498255	17.986537380119472	20.136475076431903	32.138108367950366	FJVN102_R1_rmphix_fastqc
4	32.788449328892305	17.72776776980706	17.82242681584202	31.661356085458614	FJVN102_R1_rmphix_fastqc
5	32.15285752758316	18.294323178227618	18.08183481220287	31.470984481986353	FJVN102_R1_rmphix_fastqc
6	31.894642580558735	17.92779539831801	17.69377981751229	32.483782203610964	FJVN102_R1_rmphix_fastqc
7	32.9700160887238	17.82073142994289	17.152585428611694	32.056667052721615	FJVN102_R1_rmphix_fastqc
8	31.38203602590382	18.43351575592583	18.245286059741773	31.93916215842858	FJVN102_R1_rmphix_fastqc
9	31.39600028465739	17.79012727254968	18.073919522891895	32.739952919901036	FJVN102_R1_rmphix_fastqc
10-14	32.01435077883098	18.227760095220685	17.708927357946894	32.04896176800144	FJVN102_R1_rmphix_fastqc
15-19	32.03375631932419	18.04715684482405	17.696348710878794	32.22273812497296	FJVN102_R1_rmphix_fastqc
20-24	31.994034055628195	18.07065014909628	17.77536694988216	32.159948845393366	FJVN102_R1_rmphix_fastqc
25-29	32.17875088432166	18.042683956346952	17.68165815717832	32.09690700215307	FJVN102_R1_rmphix_fastqc
30-34	32.21839291370556	17.872277440483582	17.61211105545098	32.29721859035988	FJVN102_R1_rmphix_fastqc
35-39	32.10824376160781	17.935185327307153	17.73542351856064	32.221147392524394	FJVN102_R1_rmphix_fastqc
40-44	32.29016425010221	17.86186930598018	17.628508158085314	32.219458285832296	FJVN102_R1_rmphix_fastqc
45-49	32.2863074216041	17.71513540063434	17.61234338611123	32.386213791650334	FJVN102_R1_rmphix_fastqc
50-54	32.15999599522091	17.81717492907159	17.7420152878436	32.2808137878639	FJVN102_R1_rmphix_fastqc
55-59	32.28144054381315	17.797798030945284	17.68062925709519	32.240132168146374	FJVN102_R1_rmphix_fastqc
60-64	32.2806141900565	17.693517314102255	17.63885524267125	32.38701325317	FJVN102_R1_rmphix_fastqc
65-69	32.15315343711251	17.80209621987052	17.756461951400112	32.28828839161687	FJVN102_R1_rmphix_fastqc
70-74	32.28742153643813	17.782266617026412	17.68147964781926	32.248832198716194	FJVN102_R1_rmphix_fastqc
75-79	32.28286233108418	17.67868389262045	17.6375712942098	32.40088248208556	FJVN102_R1_rmphix_fastqc
80-84	32.15184833529768	17.790039130061086	17.758515027824686	32.29959750681655	FJVN102_R1_rmphix_fastqc
85-89	32.285724332328996	17.77675831091766	17.6739448456809	32.26357251107244	FJVN102_R1_rmphix_fastqc
90-94	32.28082571037748	17.666630768728318	17.63067478582869	32.421868735065516	FJVN102_R1_rmphix_fastqc
95-99	32.16013792090268	17.77578518661546	17.74382111483467	32.3202557776472	FJVN102_R1_rmphix_fastqc
100-104	32.291052326867046	17.75688895895451	17.659025919823872	32.29303279435457	FJVN102_R1_rmphix_fastqc
105-109	32.30403455540278	17.63802088770534	17.608160913414668	32.44978364347721	FJVN102_R1_rmphix_fastqc
110-114	32.183443163504414	17.75040614711146	17.72357711017293	32.3425735792112	FJVN102_R1_rmphix_fastqc
115-119	32.32226298537891	17.723168728374993	17.62961030481745	32.32495798142864	FJVN102_R1_rmphix_fastqc
120-124	32.326705236725445	17.613411279277805	17.591313110435397	32.46857037356135	FJVN102_R1_rmphix_fastqc
125-129	32.21779124632029	17.70947004297878	17.691791450792703	32.380947259908226	FJVN102_R1_rmphix_fastqc
130-134	32.35076260224339	17.68173749856019	17.60819190658914	32.35930799260727	FJVN102_R1_rmphix_fastqc
135-139	32.36623029378917	17.57468144880688	17.555369083599178	32.50371917380476	FJVN102_R1_rmphix_fastqc
140-144	32.25384928187424	17.664151974323964	17.6564088681286	32.4255898756732	FJVN102_R1_rmphix_fastqc
145-149	32.38827573709557	17.68313315091928	17.556658154980834	32.37193295700432	FJVN102_R1_rmphix_fastqc
150-151	32.705427966990804	16.97379937066438	17.34354400716638	32.977228655178436	FJVN102_R1_rmphix_fastqc
1	37.094262060612486	17.376003103323654	15.493235200955555	30.036499635108306	FJVN102_R2_rmphix_fastqc
2	33.53198767600966	20.030496015494293	18.202894435366726	28.234621873129317	FJVN102_R2_rmphix_fastqc
3	30.279689835080113	18.16219121999411	19.73470699126911	31.82341195365666	FJVN102_R2_rmphix_fastqc
4	33.30304081065958	17.467449288426305	17.556614028306665	31.672895872607448	FJVN102_R2_rmphix_fastqc
5	32.332359125990195	18.145460621697314	18.050763202730476	31.471417049582012	FJVN102_R2_rmphix_fastqc
6	32.093473671284904	17.631357522699336	17.610984984322915	32.664183821692845	FJVN102_R2_rmphix_fastqc
7	33.35881412291338	17.527691303019182	17.198531781857557	31.914962792209877	FJVN102_R2_rmphix_fastqc
8	31.391538559215014	18.127177663883813	18.44452529892514	32.03675847797603	FJVN102_R2_rmphix_fastqc
9	31.656475746213985	17.53750081978536	18.177515973605004	32.628507460395646	FJVN102_R2_rmphix_fastqc
10-14	32.10322039598075	17.966776715584015	17.941121271023132	31.9888816174121	FJVN102_R2_rmphix_fastqc
15-19	32.09698025956846	17.76567534267028	17.905017225957963	32.23232717180329	FJVN102_R2_rmphix_fastqc
20-24	32.04881804392933	17.852039556213555	17.928788210719024	32.17035418913809	FJVN102_R2_rmphix_fastqc
25-29	32.215989372790936	17.851078139847708	17.803800594710676	32.129131892650676	FJVN102_R2_rmphix_fastqc
30-34	32.248230310150966	17.73721867408264	17.70998993931495	32.304561076451435	FJVN102_R2_rmphix_fastqc
35-39	32.12612624555049	17.821664241032245	17.812463807348347	32.23974570606892	FJVN102_R2_rmphix_fastqc
40-44	32.29542692328623	17.78283292704538	17.701842319343726	32.21989783032466	FJVN102_R2_rmphix_fastqc
45-49	32.2941913148799	17.665039189228786	17.643710118314214	32.397059377577094	FJVN102_R2_rmphix_fastqc
50-54	32.17925984750687	17.79006316510049	17.753627832645655	32.277049154746976	FJVN102_R2_rmphix_fastqc
55-59	32.30125293675146	17.77348706315363	17.665226659477835	32.26003334061707	FJVN102_R2_rmphix_fastqc
60-64	32.31112159685097	17.6558385655223	17.630735795471118	32.40230404215561	FJVN102_R2_rmphix_fastqc
65-69	32.18938385441799	17.765335488640872	17.72994946716048	32.31533118978066	FJVN102_R2_rmphix_fastqc
70-74	32.32235308461402	17.747757093058432	17.64251480072135	32.287375021606195	FJVN102_R2_rmphix_fastqc
75-79	32.340446572225765	17.625132288425743	17.579579501823858	32.45484163752463	FJVN102_R2_rmphix_fastqc
80-84	32.21119243252532	17.73976334637445	17.70116001727164	32.347884203828585	FJVN102_R2_rmphix_fastqc
85-89	32.35452523078421	17.726904893598455	17.604103135576	32.31446674004134	FJVN102_R2_rmphix_fastqc
90-94	32.36825686107531	17.603892179059958	17.55490892822897	32.47294203163577	FJVN102_R2_rmphix_fastqc
95-99	32.24638659539838	17.707801040962792	17.660574074379277	32.385238289259554	FJVN102_R2_rmphix_fastqc
100-104	32.389061465862454	17.682233336725208	17.563631926200085	32.36507327121225	FJVN102_R2_rmphix_fastqc
105-109	32.409241010741916	17.563711910073906	17.511050182810642	32.51599689637354	FJVN102_R2_rmphix_fastqc
110-114	32.29884897882442	17.655731822706507	17.611915040283243	32.43350415818583	FJVN102_R2_rmphix_fastqc
115-119	32.434932757686106	17.643355648834984	17.520123569809	32.401588023669916	FJVN102_R2_rmphix_fastqc
120-124	32.45370687288033	17.51629421432432	17.465702979108517	32.56429593368683	FJVN102_R2_rmphix_fastqc
125-129	32.35109491311022	17.600333771252348	17.557700329185362	32.49087098645208	FJVN102_R2_rmphix_fastqc
130-134	32.50232841512372	17.574355618592673	17.456784453657626	32.46653151262598	FJVN102_R2_rmphix_fastqc
135-139	32.53194173993001	17.443711159822566	17.393577454742104	32.63076964550532	FJVN102_R2_rmphix_fastqc
140-144	32.43428951164125	17.520876932948806	17.48314696234436	32.56168659306558	FJVN102_R2_rmphix_fastqc
145-149	32.56315920133443	17.55427358416228	17.376885496431115	32.50568171807217	FJVN102_R2_rmphix_fastqc
150-151	32.963296521024496	16.810220690990935	17.087560091912867	33.13892269607171	FJVN102_R2_rmphix_fastqc
1	36.52774995424009	17.003543254790326	15.182686346723598	31.28602044424598	FJVN103_R1_rmphix_fastqc
2	33.09708531425377	20.181237490837628	17.89666689996876	28.825010294939844	FJVN103_R1_rmphix_fastqc
3	28.591933189373197	18.447820656412347	21.661161900958774	31.29908425325569	FJVN103_R1_rmphix_fastqc
4	31.235953038781954	18.22720554019881	18.903291737398487	31.63354968362075	FJVN103_R1_rmphix_fastqc
5	31.976254390831325	19.13133816263129	18.50818882041851	30.384218626118876	FJVN103_R1_rmphix_fastqc
6	31.414969449340003	19.05447814505217	18.25281778779407	31.277734617813763	FJVN103_R1_rmphix_fastqc
7	32.16614012988332	18.6716842687833	17.732616181534077	31.429559419799304	FJVN103_R1_rmphix_fastqc
8	30.95184761128302	19.08742195255234	18.514054068342443	31.446676367822203	FJVN103_R1_rmphix_fastqc
9	30.83147703002332	18.70581841571474	18.610155690080166	31.852548864181774	FJVN103_R1_rmphix_fastqc
10-14	31.423646292300482	18.807627016781623	18.239178758891594	31.529547932026297	FJVN103_R1_rmphix_fastqc
15-19	31.422014396789677	18.695301534091506	18.251310246179152	31.63137382293967	FJVN103_R1_rmphix_fastqc
20-24	31.401010558277502	18.71529657656052	18.364069970013755	31.51962289514822	FJVN103_R1_rmphix_fastqc
25-29	31.56442022240395	18.663531441170218	18.26250675176818	31.509541584657658	FJVN103_R1_rmphix_fastqc
30-34	31.55910226462077	18.532256286729496	18.25459797698821	31.654043471661524	FJVN103_R1_rmphix_fastqc
35-39	31.48033836894571	18.602691796350214	18.365723145335625	31.551246689368455	FJVN103_R1_rmphix_fastqc
40-44	31.65554502832958	18.50911183222332	18.251701262707414	31.583641876739687	FJVN103_R1_rmphix_fastqc
45-49	31.58755669698098	18.407635728204276	18.29845566758674	31.706351907228004	FJVN103_R1_rmphix_fastqc
50-54	31.50917889251521	18.50919446009807	18.406150679889482	31.575475967497233	FJVN103_R1_rmphix_fastqc
55-59	31.619825262229607	18.462106857701258	18.319266797970947	31.598801082098188	FJVN103_R1_rmphix_fastqc
60-64	31.56637880374657	18.393987580488453	18.33191394427492	31.707719671490057	FJVN103_R1_rmphix_fastqc
65-69	31.48806730387708	18.50670955132864	18.419415662166802	31.585807482627477	FJVN103_R1_rmphix_fastqc
70-74	31.632942182000896	18.441571148876168	18.321343435451432	31.604143233671504	FJVN103_R1_rmphix_fastqc
75-79	31.575189683921778	18.383424771154125	18.31971969963645	31.72166584528765	FJVN103_R1_rmphix_fastqc
80-84	31.497083726741014	18.479223655961142	18.417633668571213	31.606058948726627	FJVN103_R1_rmphix_fastqc
85-89	31.634235988753563	18.42845640966596	18.309839162066535	31.627468439513944	FJVN103_R1_rmphix_fastqc
90-94	31.589445585063814	18.360384271998768	18.3122070634418	31.737963079495618	FJVN103_R1_rmphix_fastqc
95-99	31.521776140620478	18.459183111719206	18.38787003463038	31.63117071302993	FJVN103_R1_rmphix_fastqc
100-104	31.65607783543571	18.40070605330124	18.286691421341256	31.656524689921795	FJVN103_R1_rmphix_fastqc
105-109	31.617350369010826	18.330570066017955	18.281125861345792	31.770953703625427	FJVN103_R1_rmphix_fastqc
110-114	31.548356133040624	18.423081833246872	18.3604584777238	31.6681035559887	FJVN103_R1_rmphix_fastqc
115-119	31.694329488062117	18.362123893892328	18.246077954691568	31.697468663353984	FJVN103_R1_rmphix_fastqc
120-124	31.661215371970673	18.285251008836028	18.239155945364427	31.81437767382887	FJVN103_R1_rmphix_fastqc
125-129	31.58923266973332	18.372514470447168	18.325211922483344	31.713040937336167	FJVN103_R1_rmphix_fastqc
130-134	31.74730020915953	18.312270260830157	18.202966357747876	31.73746317226244	FJVN103_R1_rmphix_fastqc
135-139	31.70883547849167	18.23527756583862	18.195997340723494	31.859889614946212	FJVN103_R1_rmphix_fastqc
140-144	31.650175411698307	18.313595677434378	18.27097062104988	31.76525828981743	FJVN103_R1_rmphix_fastqc
145-149	31.793599195636673	18.275710108929374	18.143930165682303	31.78676052975165	FJVN103_R1_rmphix_fastqc
150-151	32.00954796530827	17.63283722986042	18.032036293860514	32.32557851097079	FJVN103_R1_rmphix_fastqc
1	36.75781463655329	17.066361922039082	15.561683106706118	30.6141403347015	FJVN103_R2_rmphix_fastqc
2	33.25513446097491	20.228837768206663	17.85109817956204	28.664929591256396	FJVN103_R2_rmphix_fastqc
3	29.011072317941654	18.530625721206878	21.38903634209358	31.069265618757886	FJVN103_R2_rmphix_fastqc
4	31.712278334608733	17.967804643354523	18.708315468544036	31.611601553492708	FJVN103_R2_rmphix_fastqc
5	32.113263124365034	18.902304221166396	18.560191358700973	30.424241295767594	FJVN103_R2_rmphix_fastqc
6	31.595432222056157	18.739749739447	18.24644049441646	31.41837754408038	FJVN103_R2_rmphix_fastqc
7	32.53102571515543	18.331110867649382	17.811251733348673	31.32661168384651	FJVN103_R2_rmphix_fastqc
8	31.02621057603285	18.77756795366853	18.757385382864534	31.43883608743409	FJVN103_R2_rmphix_fastqc
9	31.064600685176668	18.39042169104341	18.7945818276066	31.750395796173326	FJVN103_R2_rmphix_fastqc
10-14	31.518183847925158	18.501045453842675	18.49945345797761	31.48131724025455	FJVN103_R2_rmphix_fastqc
15-19	31.47911145483917	18.388084236797084	18.49263460852047	31.64016969984328	FJVN103_R2_rmphix_fastqc
20-24	31.44103322792623	18.463023086433772	18.548746810314256	31.547196875325746	FJVN103_R2_rmphix_fastqc
25-29	31.595287918337394	18.451355765025003	18.41392590735535	31.539430409282254	FJVN103_R2_rmphix_fastqc
30-34	31.563172693480446	18.387649330658505	18.377974331560402	31.671203644300643	FJVN103_R2_rmphix_fastqc
35-39	31.480960803419265	18.481419483096765	18.468468723083326	31.569150990400647	FJVN103_R2_rmphix_fastqc
40-44	31.635839258292187	18.43036788637113	18.34909230799667	31.584700547340017	FJVN103_R2_rmphix_fastqc
45-49	31.577168159218203	18.34838076431429	18.362834410983975	31.711616665483533	FJVN103_R2_rmphix_fastqc
50-54	31.491818744600135	18.47517481007334	18.447858349025545	31.58514809630098	FJVN103_R2_rmphix_fastqc
55-59	31.62849337061732	18.426720294567577	18.332982128235102	31.611804206579997	FJVN103_R2_rmphix_fastqc
60-64	31.58664956856425	18.35244535668312	18.336539950683683	31.72436512406895	FJVN103_R2_rmphix_fastqc
65-69	31.507828136439414	18.460651274738552	18.417992602234193	31.61352798658784	FJVN103_R2_rmphix_fastqc
70-74	31.651133963419763	18.399199577863865	18.303943436306202	31.64572302241017	FJVN103_R2_rmphix_fastqc
75-79	31.616200751826074	18.322182955145607	18.295776717465724	31.765839575562598	FJVN103_R2_rmphix_fastqc
80-84	31.528690271948296	18.426750876811802	18.38575737898392	31.65880147225598	FJVN103_R2_rmphix_fastqc
85-89	31.686979386212403	18.369518273361287	18.27140585811954	31.67209648230677	FJVN103_R2_rmphix_fastqc
90-94	31.645463553260395	18.292016778450268	18.261358115545583	31.80116155274375	FJVN103_R2_rmphix_fastqc
95-99	31.580541270290556	18.39470844947321	18.333798969013426	31.690951311222804	FJVN103_R2_rmphix_fastqc
100-104	31.72775630382711	18.33389039714946	18.217430650275773	31.720922648747656	FJVN103_R2_rmphix_fastqc
105-109	31.69292014513899	18.26144348625811	18.20788681673406	31.83774955186884	FJVN103_R2_rmphix_fastqc
110-114	31.6266988691157	18.3362301609648	18.283594710180473	31.753476259739028	FJVN103_R2_rmphix_fastqc
115-119	31.774245752917928	18.279291209681535	18.168525028650464	31.777938008750073	FJVN103_R2_rmphix_fastqc
120-124	31.757860559944252	18.197001019400673	18.140743681554696	31.904394739100383	FJVN103_R2_rmphix_fastqc
125-129	31.697468369388666	18.272721416185313	18.219293881933986	31.810516332492035	FJVN103_R2_rmphix_fastqc
130-134	31.86258473417504	18.199913422826832	18.094179859321883	31.843321983676244	FJVN103_R2_rmphix_fastqc
135-139	31.843396055059458	18.10341181855414	18.07333599135428	31.97985613503212	FJVN103_R2_rmphix_fastqc
140-144	31.795992921493678	18.18010804508796	18.125274512057224	31.898624521361143	FJVN103_R2_rmphix_fastqc
145-149	31.94398596381217	18.151903108783472	17.998723024884157	31.9053879025202	FJVN103_R2_rmphix_fastqc
150-151	32.21030673350459	17.518284784491694	17.819689786737474	32.45171869526624	FJVN103_R2_rmphix_fastqc
1	36.64763008349389	17.07491216594053	14.932394176560873	31.345063574004712	FJVN104_R1_rmphix_fastqc
2	33.0805336647013	20.032860475020808	18.675502567542907	28.211103292734986	FJVN104_R1_rmphix_fastqc
3	28.849071880607013	18.176324302458372	21.381348827373067	31.593254989561544	FJVN104_R1_rmphix_fastqc
4	32.215685127967866	18.010728295676323	18.36952521970271	31.404061356653102	FJVN104_R1_rmphix_fastqc
5	31.86490277261327	18.714627491137787	18.494724975206324	30.925744761042623	FJVN104_R1_rmphix_fastqc
6	31.424870983473447	18.56492679773262	18.165506865150903	31.844695353643026	FJVN104_R1_rmphix_fastqc
7	32.53491104851041	18.161473559488154	17.473722456007323	31.829892935994113	FJVN104_R1_rmphix_fastqc
8	30.992002493883962	18.845172770644197	18.571105004194823	31.591719731277013	FJVN104_R1_rmphix_fastqc
9	30.90584959799466	18.299315962511596	18.56241388102477	32.232420558468974	FJVN104_R1_rmphix_fastqc
10-14	31.65845774346548	18.570889398915156	18.025705427948413	31.74494742967095	FJVN104_R1_rmphix_fastqc
15-19	31.65414340747268	18.45282469123558	18.05128216184886	31.841749739442875	FJVN104_R1_rmphix_fastqc
20-24	31.611329403196038	18.487443464485406	18.15011859591448	31.751108536404075	FJVN104_R1_rmphix_fastqc
25-29	31.802623328915036	18.428803289214667	18.04611358286869	31.722459799001605	FJVN104_R1_rmphix_fastqc
30-34	31.788680358518867	18.28087055910278	18.02750759069984	31.90294149167851	FJVN104_R1_rmphix_fastqc
35-39	31.69212264921939	18.363415412156815	18.152481332393048	31.791980606230748	FJVN104_R1_rmphix_fastqc
40-44	31.89692313050985	18.26795580285068	18.01781650511202	31.81730456152745	FJVN104_R1_rmphix_fastqc
45-49	31.845551083563368	18.143289112814383	18.046912809336423	31.964246994285826	FJVN104_R1_rmphix_fastqc
50-54	31.736586157708498	18.27566921574902	18.16359865620414	31.824145970338346	FJVN104_R1_rmphix_fastqc
55-59	31.863836400599638	18.22832349583395	18.074911472146823	31.832928631419588	FJVN104_R1_rmphix_fastqc
60-64	31.83669938176581	18.136600819167676	18.061688047325365	31.96501175174115	FJVN104_R1_rmphix_fastqc
65-69	31.715956227659436	18.2562539167367	18.18782524786159	31.83996460774227	FJVN104_R1_rmphix_fastqc
70-74	31.874069000624182	18.204408866877074	18.072986796672904	31.84853533582584	FJVN104_R1_rmphix_fastqc
75-79	31.82432463280762	18.11969981973234	18.068728460972245	31.98724708648779	FJVN104_R1_rmphix_fastqc
80-84	31.724686780227845	18.24232374454961	18.17437508564462	31.858614389577923	FJVN104_R1_rmphix_fastqc
85-89	31.88992471364067	18.185553366709783	18.06007108781146	31.864450831838088	FJVN104_R1_rmphix_fastqc
90-94	31.839298284362	18.103104031356025	18.054797145424445	32.00280053885753	FJVN104_R1_rmphix_fastqc
95-99	31.737185681802625	18.21702299710005	18.162060384037208	31.88373093706012	FJVN104_R1_rmphix_fastqc
100-104	31.899405278847727	18.160477223821417	18.038587287462292	31.901530209868568	FJVN104_R1_rmphix_fastqc
105-109	31.86607741026579	18.065554064023285	18.02893755184206	32.03943097386887	FJVN104_R1_rmphix_fastqc
110-114	31.77001108502156	18.18840078699319	18.126185148960523	31.915402979024726	FJVN104_R1_rmphix_fastqc
115-119	31.932478787752817	18.13191208412577	18.005706008553386	31.92990311956803	FJVN104_R1_rmphix_fastqc
120-124	31.90594513702458	18.022620776001368	17.99800676145492	32.07342732551913	FJVN104_R1_rmphix_fastqc
125-129	31.810734053224575	18.131206364891813	18.095920978247634	31.962138603635974	FJVN104_R1_rmphix_fastqc
130-134	31.981331394902725	18.071660267614988	17.96765884421032	31.979349493271968	FJVN104_R1_rmphix_fastqc
135-139	31.95499044891712	17.975372755827397	17.950108816065267	32.11952797919021	FJVN104_R1_rmphix_fastqc
140-144	31.865286115674845	18.082912971125975	18.042531375495226	32.00926953770396	FJVN104_R1_rmphix_fastqc
145-149	32.01982188801254	18.050837064068155	17.913180346337267	32.01616070158204	FJVN104_R1_rmphix_fastqc
150-151	32.27182372142555	17.363021486526645	17.76932642134998	32.595828370697824	FJVN104_R1_rmphix_fastqc
1	36.928500568250016	17.18793394047532	15.168255200520159	30.7153102907545	FJVN104_R2_rmphix_fastqc
2	33.269188284410575	20.156907857477922	18.440002124827203	28.1339017332843	FJVN104_R2_rmphix_fastqc
3	29.29638964126664	18.313311719027958	21.00755246708014	31.382746172625257	FJVN104_R2_rmphix_fastqc
4	32.65360547229991	17.788164169740682	18.15316532155613	31.40506503640328	FJVN104_R2_rmphix_fastqc
5	32.02239871207814	18.541061523672848	18.464484476066716	30.972055288182293	FJVN104_R2_rmphix_fastqc
6	31.636179026877464	18.25125085447532	18.083974613444827	32.02859550520239	FJVN104_R2_rmphix_fastqc
7	32.89139207444657	17.860146594490445	17.50946832444327	31.738993006619715	FJVN104_R2_rmphix_fastqc
8	31.088526747191768	18.536429727492397	18.763413761661223	31.61162976365461	FJVN104_R2_rmphix_fastqc
9	31.168490284621647	18.000029813005913	18.671510152536648	32.159969749835795	FJVN104_R2_rmphix_fastqc
10-14	31.746874494791292	18.312250048892214	18.270810714140072	31.670064742176418	FJVN104_R2_rmphix_fastqc
15-19	31.69967106440721	18.167336536162153	18.267842795945477	31.86514960348516	FJVN104_R2_rmphix_fastqc
20-24	31.643074678494425	18.270547527005583	18.325264429652847	31.761113364847144	FJVN104_R2_rmphix_fastqc
25-29	31.82500464387751	18.237134656388935	18.19086650683872	31.746994192894835	FJVN104_R2_rmphix_fastqc
30-34	31.815840676025147	18.152716267801235	18.137771104587856	31.893671951585763	FJVN104_R2_rmphix_fastqc
35-39	31.704661211431794	18.25247757416998	18.240669096042524	31.8021921183557	FJVN104_R2_rmphix_fastqc
40-44	31.882560845018055	18.201103296824048	18.10628158175914	31.81005427639876	FJVN104_R2_rmphix_fastqc
45-49	31.84460390726579	18.102098839333586	18.094160847709404	31.95913640569122	FJVN104_R2_rmphix_fastqc
50-54	31.728649328945398	18.24186759815359	18.201814587087387	31.827668485813625	FJVN104_R2_rmphix_fastqc
55-59	31.878511905483446	18.190239991009484	18.087229946113503	31.84401815739356	FJVN104_R2_rmphix_fastqc
60-64	31.84497128685769	18.093530435061535	18.07949495347009	31.982003324610687	FJVN104_R2_rmphix_fastqc
65-69	31.745297272839196	18.21120850701546	18.18364860657519	31.859845613570155	FJVN104_R2_rmphix_fastqc
70-74	31.89985467626229	18.15869741201986	18.06546297985854	31.875984931859307	FJVN104_R2_rmphix_fastqc
75-79	31.877297425525903	18.070405474944508	18.0326783353202	32.0196187642094	FJVN104_R2_rmphix_fastqc
80-84	31.759241840428174	18.195644212600282	18.146761384995354	31.89835256197619	FJVN104_R2_rmphix_fastqc
85-89	31.92651619652247	18.14965760993014	18.02582919767078	31.89799699587661	FJVN104_R2_rmphix_fastqc
90-94	31.90143784339588	18.046040957401672	18.003091867085885	32.04942933211656	FJVN104_R2_rmphix_fastqc
95-99	31.808444676511183	18.163926390317698	18.105984788042857	31.921644145128266	FJVN104_R2_rmphix_fastqc
100-104	31.96411872059462	18.107961601159843	17.981233942999822	31.946685735245715	FJVN104_R2_rmphix_fastqc
105-109	31.95862432439465	18.007090205665442	17.954522658054678	32.079762811885224	FJVN104_R2_rmphix_fastqc
110-114	31.86377607343751	18.10357242156788	18.05599802828166	31.97665347671295	FJVN104_R2_rmphix_fastqc
115-119	32.019192078017845	18.054757114381722	17.934887366846432	31.991163440754	FJVN104_R2_rmphix_fastqc
120-124	32.00006969573412	17.94855903357327	17.899295983409534	32.152075287283076	FJVN104_R2_rmphix_fastqc
125-129	31.913744337149925	18.046098660636407	18.000110013154174	32.0400469890595	FJVN104_R2_rmphix_fastqc
130-134	32.096430944468615	17.981264834615928	17.86642935529023	32.05587486562522	FJVN104_R2_rmphix_fastqc
135-139	32.088298588433375	17.865199357878318	17.828406362657255	32.21809569103105	FJVN104_R2_rmphix_fastqc
140-144	32.01410386035338	17.953648560830953	17.906835809543885	32.12541176927178	FJVN104_R2_rmphix_fastqc
145-149	32.1732952803363	17.935875362724047	17.76963930373029	32.12119005320937	FJVN104_R2_rmphix_fastqc
150-151	32.473636273823345	17.24980385613383	17.56432431797753	32.712235552065295	FJVN104_R2_rmphix_fastqc
1	35.97303355428282	17.41709927560279	15.78644780104864	30.823419369065746	FJVN115_R1_rmphix_fastqc
2	33.181413248442	20.192074349690067	18.343021986880498	28.283490414987433	FJVN115_R1_rmphix_fastqc
